35.38 22.98 79.8
10.44 87.38 69.5
53.92 90.98 33.0
68.70 8.54 60.1
21.27 99.31 84.1
23.12 59.05 69.8
86.23 47.66 37.8
79.23 37.37 21.7
66.37 3.38 78.4
51.55 33.54 6.6
55.27 64.16 96.1
42.79 71.79 39.1
80.28 64.06 88.8
26.57 45.53 94.5
55.99 62.89 49.9
30.96 76.51 95.0
37.75 53.28 43.2
34.31 15.59 17.7
23.94 65.63 70.5
96.16 50.93 33.0
14.31 91.20 36.2
53.72 26.19 36.6
47.31 94.90 50.9
72.78 97.71 31.9
34.77 81.33 65.8
49.13 51.56 16.4
31.90 43.25 5.1
7.11 7.54 70.6
9.56 53.42 27.0
70.80 55.33 71.2
96.36 64.27 70.6
56.67 14.30 28.4
37.04 44.24 17.1
94.09 27.75 99.7
14.42 47.07 48.9
6.80 13.42 8.6
68.58 93.59 44.3
58.25 16.65 62.0
7.72 49.00 48.0
36.42 25.24 9.2
90.32 34.17 12.9
79.74 58.56 17.4
3.69 65.39 57.7
54.11 39.91 25.6
26.26 19.60 74.2
13.77 93.79 88.8
10.03 15.24 50.6
13.94 21.60 29.9
5.13 21.05 70.3
56.59 60.40 95.3
84.76 34.22 18.8
87.24 28.05 9.9
69.58 38.41 29.6
76.13 43.61 50.9
29.88 68.43 59.4
16.97 32.95 17.3
38.57 85.70 75.5
82.49 83.53 96.6
74.79 3.44 28.8
39.66 8.19 26.8
99.14 11.70 77.6
15.47 54.10 69.3
76.67 29.80 5.3
97.60 22.06 42.5
80.10 66.68 52.9
73.60 20.60 19.6
80.37 59.08 33.1
31.52 1.79 69.5
33.41 27.37 45.3
42.74 20.93 15.5
97.20 86.09 94.4
80.24 73.91 8.2
80.81 23.45 64.5
52.33 72.94 53.3
43.40 49.43 15.6
23.62 70.01 26.6
65.29 19.10 31.4
35.83 41.79 23.8
86.43 40.88 100.0
49.65 12.85 18.1
45.28 22.83 22.0
86.63 78.45 85.6
42.90 41.48 63.1
71.82 35.85 33.5
19.99 79.96 65.6
70.07 29.51 40.8
74.23 46.23 93.7
99.75 40.97 73.7
5.22 71.05 39.6
12.59 3.86 99.0
47.38 81.92 38.4
14.00 86.58 2.5
55.00 37.30 52.1
49.79 82.07 78.1
81.88 62.65 57.7
7.89 10.54 11.6
95.21 16.31 45.4
13.64 47.54 46.6
23.28 92.16 40.0
71.58 28.09 26.5
29.58 62.01 43.6
23.97 79.89 98.4
82.44 43.35 5.5
97.42 27.17 84.3
71.95 81.59 38.5
