76.89 23.81 91.2
60.94 29.92 34.4
59.70 76.84 54.5
99.94 93.31 11.5
34.72 39.55 25.6
76.75 10.87 16.4
29.81 73.68 25.5
88.04 44.70 62.5
38.12 54.60 50.3
36.03 23.49 72.0
41.73 53.94 9.6
43.02 25.41 39.2
76.13 94.64 94.0
8.60 57.94 99.3
20.01 19.36 25.6
79.25 24.58 59.0
48.18 74.52 78.0
6.60 82.95 70.1
90.08 98.65 35.6
30.28 44.60 52.4
39.88 70.95 99.0
29.20 86.59 75.6
30.63 62.86 72.4
97.20 98.37 83.9
34.27 72.65 88.4
72.60 70.25 19.0
25.17 46.57 42.0
19.92 47.46 94.3
63.62 66.02 99.6
66.95 53.71 5.0
39.91 61.83 50.8
84.88 94.89 11.1
35.79 74.42 12.1
25.70 41.70 16.0
72.52 95.44 18.1
15.75 87.47 92.0
82.28 75.50 25.3
61.36 41.62 25.5
42.24 62.90 20.1
9.30 11.40 60.9
26.29 1.77 33.0
7.40 56.91 66.7
48.70 18.36 18.2
17.26 26.23 72.8
21.07 93.63 27.1
71.57 61.50 90.9
46.30 66.63 28.5
55.46 96.88 42.0
21.83 89.58 77.7
82.63 14.35 27.0
54.96 1.78 72.3
70.43 63.19 64.9
40.30 48.78 90.0
9.51 91.83 28.1
17.05 1.73 49.9
20.77 56.25 24.2
12.32 77.05 57.4
22.83 69.65 9.1
74.16 77.73 47.0
13.45 32.29 82.1
0.19 20.75 76.2
64.93 38.32 13.1
38.67 42.80 37.9
17.75 8.79 31.8
27.64 50.64 100.7
8.26 99.04 40.8
47.92 99.34 32.7
53.57 52.97 26.0
29.01 23.43 67.0
55.32 6.43 100.9
15.49 38.63 27.9
95.84 72.98 74.3
39.88 0.66 16.5
4.43 22.80 76.4
32.58 85.42 70.3
11.02 22.77 94.7
3.26 86.41 61.2
9.23 26.05 47.9
83.05 71.30 82.9
98.95 82.20 72.1
17.37 26.36 39.5
45.22 8.56 37.5
13.73 99.80 93.8
37.08 51.91 43.0
49.35 87.13 80.9
53.77 8.52 91.1
3.12 27.76 83.9
74.74 96.60 99.3
43.70 41.38 33.7
28.70 51.44 56.4
34.43 79.70 97.5
98.99 19.67 90.5
87.27 48.95 41.6
46.05 73.99 77.4
38.81 72.11 8.7
8.83 82.59 45.4
88.97 22.23 39.1
23.83 19.00 92.3
66.67 42.30 45.8
41.99 19.12 51.8
72.17 78.53 16.9
38.49 44.38 87.4
81.42 48.51 89.2
57.93 98.87 36.0
9.88 3.65 20.2
20.26 11.41 13.7
81.85 60.92 40.3
9.85 38.08 53.4
73.44 44.72 24.7
67.83 82.81 66.9
86.31 25.37 22.7
71.66 9.91 38.9
55.87 50.30 42.9
36.88 91.63 84.4
19.89 27.94 78.6
82.32 56.71 76.5
82.25 35.98 83.1
44.75 98.51 13.8
2.85 50.46 20.7
58.42 20.26 76.1
85.24 57.20 23.6
45.89 41.54 24.2
54.76 28.26 55.8
15.66 46.45 1.4
80.27 22.09 26.2
35.46 83.93 25.7
70.36 79.98 75.9
15.49 49.07 46.0
94.33 72.44 32.6
76.32 42.38 7.3
5.75 45.68 25.9
46.39 54.93 53.2
79.53 54.84 87.9
19.76 42.11 74.9
66.61 17.22 38.5
38.95 6.93 91.2
37.81 10.75 32.7
7.52 20.00 11.8
3.70 63.39 57.3
77.86 2.53 66.2
59.48 39.79 4.7
87.06 12.00 46.0
23.38 76.32 100.7
72.50 24.11 52.5
26.28 98.09 74.9
93.97 58.27 84.7
88.55 74.55 31.6
17.71 3.54 28.6
69.52 32.99 72.6
44.12 56.89 68.8
13.76 5.11 62.1
4.99 98.53 63.9
95.32 36.17 44.7
92.34 77.44 30.1
44.82 81.35 28.3
16.78 15.88 67.5
55.59 62.84 87.8
60.07 98.53 51.4
32.17 51.07 48.5
93.38 21.72 9.3
43.89 19.35 24.0
75.45 15.26 33.4
66.27 20.12 8.0
79.77 32.44 64.6
38.76 14.13 62.6
2.51 39.75 89.5
29.03 95.54 9.7
72.13 1.10 84.1
87.92 34.48 39.7
68.79 75.01 20.4
63.50 0.96 59.4
70.05 86.23 90.9
30.31 99.05 30.7
70.79 43.85 67.0
17.29 1.00 35.4
73.37 13.14 61.8
87.16 47.03 89.5
11.51 37.73 8.4
84.94 52.13 62.0
45.98 36.58 62.1
62.05 4.14 78.1
38.39 46.82 48.5
58.06 80.49 16.2
5.64 81.81 97.1
38.07 86.84 81.0
75.08 99.29 25.6
34.57 86.46 86.6
73.15 13.05 72.2
67.80 3.77 36.3
52.62 34.82 40.0
90.52 16.05 94.5
50.24 62.63 20.5
34.00 40.39 18.5
86.17 56.73 52.8
4.24 71.40 94.8
19.92 61.88 83.4
85.53 17.78 86.2
37.59 32.56 14.3
77.23 63.23 88.3
20.03 90.83 34.1
23.73 77.72 68.5
94.23 86.34 43.8
74.45 83.67 44.9
54.35 57.74 56.9
18.02 88.06 74.1
18.11 18.50 66.7
8.32 35.09 97.2
88.24 52.75 10.8
23.40 17.88 90.3
81.01 91.79 37.6
