70.71 80.32 27.9
79.15 12.71 77.9
32.88 58.87 27.5
98.77 14.40 69.4
9.03 59.21 38.2
33.80 16.92 23.7
66.96 85.49 52.6
51.03 28.72 45.6
55.87 75.29 60.9
1.92 88.07 61.3
63.00 78.70 90.8
37.27 56.93 46.2
48.26 55.69 3.6
56.08 94.13 55.9
67.80 55.34 100.3
65.48 16.19 55.0
17.74 73.50 21.3
89.53 13.59 18.5
33.77 40.62 13.0
17.12 85.21 79.5
18.84 57.74 75.9
34.75 63.44 29.4
56.97 94.59 7.4
8.55 12.48 91.0
1.35 43.53 52.5
82.12 82.94 12.3
12.55 67.75 12.7
93.85 84.73 33.3
21.39 39.54 96.8
85.11 8.48 41.8
84.15 25.06 51.2
60.67 68.62 35.4
6.38 51.41 42.6
60.78 27.37 42.3
86.06 9.85 47.4
85.74 45.40 47.3
46.67 61.28 45.7
21.93 62.34 28.5
33.88 53.50 92.3
63.18 97.24 90.0
82.16 3.24 71.8
73.17 34.38 81.7
89.04 86.37 91.7
42.85 99.40 54.0
83.70 75.40 25.1
10.69 29.03 91.8
10.17 93.78 14.3
41.06 18.02 89.4
45.69 4.05 45.4
10.10 63.27 49.9
