28.05 62.04 39.4
80.49 43.83 64.7
14.22 33.00 40.4
38.74 53.04 34.3
54.65 17.03 9.9
4.15 42.97 90.6
82.56 72.50 7.0
99.50 33.00 17.7
50.03 86.51 17.4
78.67 27.55 38.6
4.62 36.45 64.3
90.37 88.88 7.0
61.17 56.56 23.0
75.51 36.24 19.4
68.31 97.40 96.8
74.06 95.81 81.0
56.67 99.30 61.7
20.89 0.04 3.9
68.53 89.36 86.8
35.13 61.51 29.9
11.97 9.76 85.6
58.62 83.40 76.8
67.14 13.59 46.5
11.08 52.21 51.4
40.13 65.21 81.2
13.96 57.15 92.0
77.45 74.50 37.9
68.60 68.64 17.8
58.18 40.80 18.6
21.42 17.66 39.6
78.55 9.15 43.5
84.85 86.51 54.0
91.49 85.42 81.6
28.07 27.77 2.0
80.47 52.39 84.9
10.68 24.47 86.6
32.18 39.35 91.1
90.88 28.34 13.4
18.74 58.26 1.7
27.02 1.09 37.9
46.91 56.23 63.9
56.45 20.14 9.9
92.16 50.22 30.1
74.24 77.76 28.8
6.06 11.86 91.8
23.65 42.97 34.4
44.30 67.15 15.9
29.96 7.87 46.4
72.36 33.56 14.5
36.80 93.33 54.1
95.73 36.63 39.6
85.38 51.05 68.8
31.65 34.13 54.0
68.60 96.94 64.1
27.03 66.31 37.7
8.32 76.28 32.9
83.81 61.20 70.1
53.88 12.32 63.7
97.53 82.89 80.7
82.84 14.30 26.2
97.67 65.15 70.2
25.98 67.28 32.8
20.28 91.97 91.1
31.56 63.92 55.8
50.63 71.17 55.8
41.34 71.43 25.6
6.65 67.34 92.2
14.17 80.04 86.9
13.89 73.23 64.2
80.22 21.74 27.5
21.40 4.35 15.8
97.78 31.83 78.0
70.14 58.88 95.9
80.89 67.08 23.6
83.44 42.78 21.6
28.34 65.41 93.9
68.13 50.32 59.1
71.62 94.90 80.8
68.82 24.51 29.6
13.45 39.07 21.4
25.56 57.50 79.6
22.46 97.26 20.7
60.93 50.38 82.0
50.91 67.10 56.5
39.38 16.49 18.1
44.00 83.18 43.0
25.76 75.24 79.9
70.80 86.21 93.7
79.47 48.43 44.8
35.41 1.86 51.7
90.23 38.34 80.5
62.23 90.87 1.6
40.21 99.46 87.9
17.09 9.84 62.2
75.92 54.03 83.4
83.45 68.25 94.6
28.22 43.16 91.2
64.39 51.11 78.2
62.01 50.23 27.3
71.20 34.02 57.5
94.33 6.56 17.5
84.51 83.10 32.7
93.17 72.98 16.8
