72.36 57.14 94.2
14.87 71.26 68.4
17.74 41.72 5.5
83.22 27.76 79.5
84.80 31.74 53.0
8.10 13.25 19.1
85.94 45.18 85.1
25.69 89.40 50.9
24.19 90.07 3.4
40.06 30.00 74.9
4.47 7.60 66.4
0.91 80.41 45.8
97.10 82.04 88.0
49.32 11.58 69.1
93.29 8.79 57.5
10.36 45.23 1.9
60.95 71.77 31.6
31.02 34.45 48.6
29.47 28.86 36.2
2.97 21.47 84.3
41.58 20.71 3.0
9.38 63.82 4.5
31.78 34.28 73.5
26.54 34.27 23.4
52.62 62.34 98.0
85.65 87.09 21.9
47.73 86.02 24.4
72.76 32.46 14.4
91.59 59.53 79.0
88.82 77.73 91.5
60.37 89.35 71.4
73.93 16.99 88.7
14.84 68.34 62.9
50.56 8.01 97.9
49.86 68.25 96.8
6.94 39.63 61.3
62.65 43.31 2.9
46.44 36.12 16.3
36.01 64.25 79.0
10.08 50.49 15.5
2.16 98.02 88.3
71.84 36.13 25.7
85.04 18.77 57.7
34.11 54.49 86.2
91.31 78.74 29.6
92.30 26.74 83.1
88.36 46.41 12.5
35.73 53.79 88.0
21.10 38.78 32.8
39.04 81.23 43.0
48.30 25.96 23.6
95.06 5.18 56.1
68.11 52.64 30.7
77.84 24.01 49.0
41.09 20.45 84.5
65.25 28.97 33.1
49.80 13.22 95.1
44.78 44.17 13.8
37.61 44.56 9.2
62.15 72.18 65.1
17.57 58.66 2.0
56.86 79.75 31.8
63.23 89.76 13.1
74.98 97.87 9.8
97.70 7.76 55.0
45.60 69.72 68.4
76.63 11.20 47.2
30.98 23.92 56.1
10.17 54.45 73.8
58.47 23.11 34.7
72.54 56.66 57.2
80.33 93.66 97.7
42.15 11.49 38.1
63.75 73.21 31.5
46.57 38.71 51.8
16.25 20.21 91.8
78.63 26.32 48.8
42.74 87.20 45.9
67.37 91.67 10.1
68.98 51.61 13.4
33.37 46.45 78.8
68.68 8.64 12.9
17.85 80.01 46.1
69.08 22.37 78.4
65.68 69.49 23.2
49.22 26.42 96.1
87.62 55.42 44.8
0.82 78.01 57.3
5.51 32.14 57.0
98.69 86.92 12.2
42.14 4.12 31.4
7.40 13.53 47.6
49.41 41.21 77.9
95.98 93.77 18.5
69.85 75.54 47.2
21.49 53.20 88.1
33.92 73.61 24.1
59.55 3.08 4.3
79.84 22.85 73.7
95.11 15.99 57.5
35.84 75.06 26.5
13.51 19.09 28.8
44.67 86.22 79.0
62.54 84.47 10.1
13.29 77.59 79.8
79.84 37.28 62.8
84.34 85.58 29.4
2.04 21.46 68.5
45.96 7.29 51.7
62.78 80.19 100.5
88.37 45.46 25.8
10.84 37.18 3.6
64.61 12.02 2.7
5.53 56.19 21.9
41.67 11.05 16.9
30.05 39.02 77.9
23.57 53.95 87.8
2.13 8.47 93.3
83.93 21.70 99.6
82.98 98.76 44.6
84.43 18.11 71.1
29.73 80.92 65.9
88.50 77.69 66.8
67.41 96.04 25.2
52.49 15.24 64.9
2.50 76.74 77.6
58.30 80.38 82.0
48.54 54.36 49.5
74.24 25.54 21.4
4.09 12.68 48.7
38.78 32.32 3.1
39.04 18.73 56.0
86.20 75.81 30.5
27.26 42.99 42.5
28.50 16.18 9.1
36.62 9.57 1.3
61.68 10.06 76.0
69.61 98.91 79.7
44.21 27.09 7.3
73.20 13.44 19.1
85.30 82.89 40.0
37.82 46.93 12.4
41.78 35.41 72.2
86.97 54.87 43.7
19.07 85.91 39.2
81.52 52.76 53.2
93.61 69.48 72.4
56.58 39.33 58.8
5.38 7.54 96.8
22.31 59.61 47.5
26.61 80.01 19.2
96.83 96.65 14.0
11.23 64.43 78.4
90.24 9.85 91.6
89.38 84.13 5.1
68.68 54.95 45.5
22.47 12.34 88.9
43.97 91.66 24.7
19.60 25.39 98.3
11.15 78.74 16.8
95.31 81.64 41.5
65.29 13.63 20.3
78.23 67.59 19.6
26.28 67.39 12.5
53.19 19.54 22.9
69.06 69.84 77.0
28.36 3.59 68.3
78.33 75.75 84.5
61.92 53.72 12.7
3.43 53.03 63.2
15.21 55.99 100.5
80.57 60.42 44.2
80.39 62.47 18.8
90.72 65.44 67.4
39.43 57.00 28.7
45.90 97.64 59.1
20.81 46.61 56.2
92.54 49.39 28.4
64.94 41.35 44.5
65.76 25.70 101.0
84.73 44.73 69.7
32.95 50.46 99.6
52.35 60.80 100.8
89.26 84.96 93.9
25.19 35.03 30.8
38.46 21.57 20.5
1.37 12.98 41.1
37.79 3.99 24.7
5.15 85.28 6.5
60.16 61.89 73.0
5.04 74.56 82.6
16.47 23.86 43.4
91.56 97.30 18.1
88.36 61.74 83.5
96.61 11.50 41.2
32.96 9.21 61.9
83.47 42.21 47.9
95.92 72.41 48.1
78.70 95.50 2.1
53.95 44.74 52.1
99.36 15.83 88.9
87.94 99.95 7.9
55.92 50.69 41.1
80.59 64.27 100.0
94.69 46.20 17.6
73.42 12.86 84.4
48.51 25.17 89.3
82.17 22.52 34.3
96.53 0.02 18.8
89.39 42.85 20.1
6.40 53.94 16.7
39.86 20.57 45.0
46.78 13.58 74.9
0.17 86.71 64.8
53.46 39.68 40.0
96.42 52.64 75.4
56.06 5.04 59.1
36.64 54.20 9.1
51.22 8.03 3.6
81.16 18.84 15.9
71.75 62.29 20.8
28.39 25.35 23.0
12.14 98.47 36.7
14.73 27.47 78.4
70.42 48.29 42.8
36.91 38.61 25.8
5.57 57.01 30.1
33.72 40.09 38.1
69.10 64.00 94.8
73.33 34.31 75.4
30.15 6.92 82.1
50.47 42.41 65.6
23.29 2.88 25.8
12.69 44.13 63.2
74.66 51.79 7.7
80.85 79.26 44.1
69.90 19.47 46.1
49.67 55.59 43.3
83.72 78.17 71.5
4.62 1.10 76.2
12.20 36.96 100.4
28.61 78.14 94.7
29.11 34.21 2.0
8.92 36.43 97.0
36.19 30.94 70.9
87.97 82.91 12.2
31.93 16.11 38.9
90.87 95.29 86.4
91.61 71.84 56.0
70.62 31.13 100.7
19.55 81.10 52.6
16.09 99.95 38.5
78.70 70.96 80.1
46.96 90.73 33.5
73.73 41.61 51.9
40.42 71.27 71.8
6.97 70.12 45.8
65.38 81.43 33.0
31.67 97.01 88.4
47.58 99.02 80.4
23.12 56.85 95.8
8.83 85.57 66.7
45.57 37.57 65.3
38.95 10.88 33.4
82.17 25.55 49.0
74.48 58.00 92.2
3.87 19.56 63.2
95.32 48.27 48.5
74.54 25.51 85.7
2.53 64.78 43.6
32.95 74.93 3.2
43.11 51.50 67.7
99.68 90.98 40.1
28.85 34.24 25.4
45.40 64.10 94.0
9.64 51.49 22.5
3.97 19.59 12.2
82.61 7.56 4.3
61.57 82.17 87.6
38.09 58.97 18.6
50.15 42.14 16.8
27.35 70.58 54.8
22.00 24.48 61.7
6.26 20.82 9.5
88.48 33.48 13.0
79.70 50.83 62.6
36.08 46.87 68.1
8.81 58.15 27.7
59.51 18.15 82.1
52.94 27.00 13.9
44.14 61.17 13.7
88.13 17.00 63.2
81.59 87.72 89.5
95.67 26.21 63.5
65.88 76.48 40.1
25.46 58.80 53.3
78.47 14.31 2.0
95.14 16.10 66.3
72.28 45.48 21.6
87.85 85.49 6.9
15.66 73.72 80.6
67.37 70.21 69.5
25.73 24.49 44.5
51.55 88.67 10.4
60.19 39.05 26.2
45.35 56.15 39.2
93.87 7.55 84.3
92.48 89.32 34.8
77.30 25.99 71.0
69.55 58.29 22.8
0.75 25.34 64.3
56.26 53.35 27.7
67.00 63.15 31.8
42.60 55.76 66.1
37.82 16.08 15.0
