68.17 41.14 84.7
73.97 94.81 67.3
37.29 96.30 5.6
0.88 62.16 34.9
26.35 6.69 32.8
16.10 90.02 80.1
3.26 72.57 49.0
21.78 75.83 20.4
64.34 59.74 73.3
76.48 60.78 94.2
10.21 15.33 93.4
14.90 99.53 57.3
71.35 75.11 77.1
82.33 48.00 15.1
84.90 75.96 14.4
64.66 37.84 54.4
63.99 34.70 41.5
13.94 59.98 40.2
71.29 79.74 99.3
22.10 88.15 31.3
12.83 35.76 88.8
69.88 44.46 11.3
91.15 65.79 43.9
63.58 90.36 49.2
89.92 13.84 16.2
42.15 98.80 96.2
80.20 97.12 37.3
96.30 54.46 99.0
16.80 69.31 59.4
0.96 61.20 37.4
0.82 72.71 100.9
84.31 62.29 47.4
2.23 53.29 66.3
43.91 63.94 71.5
47.00 65.99 65.6
56.51 85.46 75.3
94.59 1.08 82.4
30.94 21.32 72.9
45.24 65.07 31.7
86.01 51.18 16.2
57.25 70.17 4.8
93.34 86.38 22.2
90.29 31.99 38.1
91.50 11.75 16.7
80.34 55.83 42.8
97.90 68.47 92.8
5.23 46.32 48.5
51.34 99.09 93.5
90.41 12.37 40.1
89.90 48.97 35.9
62.67 28.23 82.3
49.68 85.83 93.5
8.63 50.00 56.3
