85.08 30.61 79.6
22.37 57.27 45.0
82.44 83.51 13.5
48.95 86.78 56.8
33.63 58.19 24.7
4.86 72.82 96.2
48.19 62.86 28.0
20.95 11.62 88.1
69.77 46.37 62.9
87.69 82.49 99.8
59.88 84.45 81.3
52.61 79.92 76.7
19.29 23.54 25.7
10.88 11.15 43.6
46.32 82.72 47.0
74.92 88.74 63.0
56.00 40.32 84.5
5.13 34.07 82.1
51.44 13.66 29.1
48.57 11.26 86.0
65.22 17.38 38.5
82.05 16.98 49.1
9.74 82.28 76.4
75.33 72.17 87.8
7.84 5.86 88.3
67.34 97.47 26.3
36.76 14.52 57.9
86.76 41.54 73.2
67.02 36.37 8.0
33.53 27.86 86.7
39.86 93.30 43.8
30.15 88.17 96.7
65.31 93.08 49.8
47.59 32.99 33.9
87.20 94.15 74.7
30.75 60.46 87.6
3.38 18.20 46.4
78.25 48.41 13.0
29.79 22.20 19.1
56.88 96.51 27.2
72.09 16.35 7.8
28.89 25.83 49.4
23.91 83.10 75.7
89.31 14.31 9.2
43.48 11.75 22.9
5.42 43.18 61.3
64.99 16.87 96.6
43.66 3.75 3.6
90.38 57.90 2.0
68.42 27.30 44.1
89.56 83.98 1.7
34.85 61.19 19.4
82.43 98.88 8.3
11.49 84.82 18.6
89.18 91.48 57.8
32.67 31.91 97.9
51.38 57.49 85.4
98.60 89.35 11.2
16.03 29.37 39.0
68.00 73.20 67.5
52.19 10.89 57.7
86.87 27.62 44.6
36.36 33.49 58.4
41.68 81.86 4.1
73.11 43.20 94.3
20.14 18.44 95.8
14.49 45.79 17.8
60.43 57.15 8.1
44.38 68.88 67.8
42.29 57.18 1.9
10.55 57.99 97.1
75.01 47.29 96.6
5.60 53.64 94.5
25.71 18.20 58.4
0.07 22.22 7.1
32.85 42.78 65.5
49.13 0.17 18.8
70.14 50.42 8.0
44.05 36.54 26.3
39.76 27.87 93.9
30.19 1.28 6.8
99.80 34.80 44.8
35.52 30.46 55.5
88.55 11.94 25.7
97.46 51.80 6.4
14.27 62.89 73.3
61.02 31.63 14.2
34.77 73.60 58.3
36.77 70.76 90.0
86.81 23.28 2.3
28.71 45.73 65.0
76.11 46.14 4.4
91.58 12.12 90.6
23.25 60.53 14.6
64.25 94.73 85.9
91.86 49.48 44.3
46.69 74.50 5.8
40.36 89.28 28.0
12.29 67.99 46.8
42.21 5.82 48.4
70.74 29.25 24.1
64.48 59.23 49.5
37.15 12.93 38.4
12.57 2.10 72.0
86.88 24.69 52.3
23.88 14.33 59.0
4.97 80.55 99.3
79.78 21.11 96.9
66.64 93.22 24.9
74.95 88.88 27.5
79.09 57.07 76.2
71.08 20.90 58.6
71.24 69.78 24.7
94.51 99.53 23.9
58.48 51.71 41.9
51.17 70.59 55.4
93.35 90.18 61.1
36.09 71.06 38.5
62.85 97.74 21.2
46.75 88.13 39.6
51.67 62.24 97.8
42.33 54.88 54.0
40.42 88.63 12.9
50.75 21.86 16.1
46.34 98.81 25.4
10.58 73.55 52.4
9.91 14.67 8.3
79.02 28.12 63.2
4.82 5.28 26.3
98.62 93.15 20.1
84.28 25.40 79.6
44.01 57.34 100.1
76.60 89.77 90.2
38.10 36.73 59.8
22.94 45.38 83.6
96.84 87.37 40.1
17.03 50.02 29.7
16.48 37.91 57.8
85.98 11.84 25.5
14.13 90.95 58.7
94.18 39.89 7.3
44.28 60.96 100.7
45.84 25.28 61.7
1.33 0.88 101.0
7.83 89.46 27.7
48.62 43.00 47.1
50.78 55.66 17.2
98.71 43.37 20.3
16.58 53.83 20.2
67.53 6.16 24.8
83.54 34.88 73.0
49.90 47.22 60.4
84.69 68.30 84.8
11.39 88.03 60.7
27.21 82.21 1.7
73.87 0.62 41.2
75.83 25.54 48.8
99.97 82.51 28.7
89.68 83.15 56.2
81.84 78.63 29.8
56.49 34.60 23.2
4.05 61.72 94.6
40.90 54.01 59.4
24.12 93.90 84.3
83.60 23.99 76.7
65.30 35.12 55.1
18.29 60.08 52.8
22.05 65.17 54.1
91.14 14.92 100.6
38.29 88.58 77.0
31.79 59.99 14.4
65.73 80.85 95.1
56.45 76.26 95.2
21.42 20.67 25.3
74.81 80.88 31.1
92.72 73.29 13.9
79.02 51.45 17.0
37.22 42.99 79.0
32.64 5.91 70.7
38.44 41.15 47.9
39.81 66.07 72.6
42.22 5.09 48.3
61.62 67.29 40.4
1.37 54.71 84.1
96.08 17.63 6.4
33.52 63.95 67.0
69.17 95.21 6.5
91.95 58.58 55.4
83.43 71.31 77.0
66.29 85.32 44.5
61.67 39.48 9.5
71.16 41.98 21.0
19.33 45.22 73.2
51.87 12.28 61.2
50.06 77.61 54.4
81.29 44.83 35.9
94.18 3.11 64.0
36.82 84.86 61.9
23.43 57.26 56.0
37.21 53.33 38.2
29.61 30.58 64.1
24.59 65.74 41.8
3.76 77.45 39.5
58.06 73.82 4.8
7.25 40.32 64.0
74.36 2.43 5.0
36.14 72.93 28.7
18.01 0.38 56.7
62.03 19.79 40.0
39.80 33.35 71.8
84.04 47.41 65.2
74.33 97.81 38.4
37.28 82.24 35.4
10.67 13.07 95.7
58.33 73.47 53.5
60.98 83.87 21.0
31.53 4.88 26.2
15.75 72.46 61.2
41.62 95.85 78.2
90.21 5.37 29.1
10.96 46.13 31.1
26.83 1.21 53.0
67.94 98.16 45.9
23.79 75.47 22.4
61.13 59.54 66.4
38.97 29.60 63.2
69.47 65.46 34.5
8.15 86.85 98.9
24.42 11.27 96.2
71.51 98.86 66.2
29.44 37.58 1.3
57.70 51.71 73.1
64.02 63.70 64.8
90.21 22.08 79.7
45.02 85.97 32.5
10.81 47.07 86.5
29.89 55.04 94.7
20.59 21.92 81.4
76.09 6.19 55.9
80.94 25.62 35.9
4.44 97.38 97.9
80.85 25.74 95.5
24.29 5.81 50.7
99.80 22.50 96.5
79.99 28.42 32.8
41.04 7.09 71.2
19.38 26.25 76.6
19.73 64.40 67.3
56.11 23.17 62.4
93.87 41.90 19.8
5.19 57.54 9.2
35.23 3.28 81.2
0.27 22.97 44.2
16.35 15.79 64.6
1.83 60.19 34.4
5.23 87.24 32.5
16.38 51.84 37.9
67.02 58.77 30.0
0.50 98.66 80.7
63.55 98.15 26.5
43.62 66.05 51.9
27.35 14.39 38.3
52.52 67.90 68.1
15.85 27.55 79.1
34.94 17.35 3.0
94.44 83.60 33.0
56.17 93.73 70.6
2.15 54.79 21.8
79.15 86.65 80.4
71.28 58.21 52.5
60.24 30.22 14.2
94.33 53.33 91.1
41.15 25.31 44.4
29.40 64.78 73.6
21.20 58.31 85.0
13.07 0.97 73.5
84.52 92.61 25.5
31.09 53.67 24.2
26.24 27.29 59.2
65.84 34.09 100.3
73.45 94.09 35.0
29.99 58.47 23.3
95.58 23.71 3.5
39.22 71.19 85.4
63.84 99.20 47.7
27.84 70.03 65.8
7.19 88.79 82.5
26.20 77.10 32.8
31.32 4.34 68.6
3.97 5.47 55.2
28.66 61.53 6.5
64.36 16.15 49.6
25.98 69.15 59.2
40.16 94.77 77.7
42.97 13.88 49.9
82.82 55.35 93.9
79.87 65.08 81.7
77.05 60.57 15.9
78.03 37.16 27.2
48.62 38.81 26.8
53.18 47.33 87.3
75.51 71.12 90.6
59.72 6.03 34.9
21.57 74.49 3.4
77.65 18.21 73.9
24.48 66.91 41.4
58.61 17.60 22.2
63.43 73.87 83.8
78.91 31.92 87.3
13.35 11.74 24.2
70.44 72.94 78.6
97.70 12.19 9.4
68.45 38.30 83.0
62.08 16.56 10.0
95.58 84.56 22.7
47.24 30.32 82.5
10.14 60.72 92.5
74.46 7.51 3.0
57.47 27.58 68.9
48.51 61.13 24.8
49.03 59.84 77.8
98.04 94.09 5.7
22.63 95.43 34.0
98.52 17.13 54.0
11.92 92.21 63.0
64.40 65.43 18.4
97.04 55.29 89.3
37.92 17.72 34.5
99.53 11.13 17.0
85.74 62.32 68.4
14.25 81.16 14.1
96.45 3.99 43.8
7.53 98.84 64.9
23.58 11.61 71.2
94.77 30.76 24.9
56.92 46.38 51.3
52.97 64.49 80.7
46.14 73.71 75.7
60.84 96.08 76.3
54.18 23.75 20.5
84.08 2.80 40.3
71.30 44.79 43.4
35.63 80.27 28.0
67.57 20.37 67.2
10.27 91.96 58.7
98.02 1.50 93.9
63.06 99.78 34.5
37.35 38.29 66.2
63.23 28.14 64.8
47.69 32.48 78.3
81.14 24.64 48.4
91.89 23.59 55.4
72.15 7.62 98.6
78.34 66.38 62.1
49.52 15.76 43.5
61.31 13.36 95.9
80.27 70.76 45.9
8.88 40.26 7.1
98.70 17.89 51.8
20.79 69.15 86.7
68.31 44.98 80.5
42.77 7.85 69.8
7.49 40.11 69.8
35.92 87.19 1.9
1.03 32.15 7.7
40.99 21.37 34.9
6.56 84.68 71.5
82.98 9.98 9.4
11.04 44.94 99.7
0.10 65.24 48.0
22.54 62.78 13.6
57.18 73.21 16.2
74.39 60.18 8.4
46.20 17.47 43.7
60.95 49.59 51.1
28.95 97.71 55.6
76.57 29.09 51.5
93.72 64.36 91.6
3.80 35.64 63.5
19.59 14.17 88.2
23.94 86.93 45.8
83.17 20.79 99.3
37.99 27.36 44.1
92.04 81.73 11.2
16.01 47.60 33.7
22.44 94.77 67.7
0.74 45.60 10.0
0.38 36.68 90.1
99.27 49.50 92.3
82.39 44.21 35.1
14.44 30.20 89.0
49.60 79.31 5.8
57.50 0.59 4.3
83.74 90.28 22.6
20.57 87.51 49.6
79.21 78.83 75.3
97.35 65.35 83.3
58.98 65.95 46.9
13.21 57.78 70.3
68.52 70.18 71.0
8.78 18.50 46.3
60.73 8.96 57.5
89.64 49.33 23.9
73.98 39.93 18.7
10.97 94.54 63.5
1.35 34.58 81.3
5.83 94.55 7.0
8.08 12.12 10.1
30.94 56.79 5.4
33.48 85.52 18.9
28.29 35.80 2.4
57.17 23.17 91.7
18.45 45.57 74.4
33.45 28.11 31.9
32.96 79.67 84.9
0.11 72.26 74.8
73.04 52.13 95.5
70.21 57.17 90.0
64.00 99.74 13.8
71.93 99.32 19.0
